{
  "advancedEditorSelectedIdentifier" : "ProjectBrowser",
  "openSceneRelativePaths" : [
    "Immersive.usda",
    "Planets.usda"
  ],
  "recentIdentifiers" : {

  },
  "sceneCameraHistory" : {
    "65B184BC-A3EE-4479-90D6-7B05E1AE6180" : [
      {
        "date" : 718547059.94516206,
        "title" : "Untitled",
        "transform" : [
          0.96690374612808228,
          1.3133805154552647e-10,
          -0.25514146685600281,
          0,
          -0.028690386563539505,
          0.99365752935409546,
          -0.10872729122638702,
          0,
          0.25352323055267334,
          0.11244893074035645,
          0.96077120304107666,
          0,
          0.44488388299942017,
          0.51390284299850464,
          1.8003027439117432,
          1
        ]
      },
      {
        "date" : 718547056.05203402,
        "title" : "Untitled",
        "transform" : [
          0.027520550414919853,
          1.3133805154552647e-10,
          -0.99962127208709717,
          0,
          -0.11240634322166443,
          0.99365752935409546,
          -0.0030946563929319382,
          0,
          0.99328112602233887,
          0.11244893074035645,
          0.027346000075340271,
          0,
          2.8030266761779785,
          0.51716858148574829,
          -0.67235195636749268,
          1
        ]
      },
      {
        "date" : 718547052.529266,
        "title" : "Untitled",
        "transform" : [
          -0.23153755068778992,
          4.7349093534876374e-09,
          -0.97282600402832031,
          0,
          -0.098810940980911255,
          0.99482828378677368,
          0.023517515510320663,
          0,
          0.96779483556747437,
          0.10157104581594467,
          -0.2303401380777359,
          0,
          2.8030266761779785,
          0.51716858148574829,
          -0.67235195636749268,
          1
        ]
      },
      {
        "date" : 718546952.29811001,
        "title" : "Untitled",
        "transform" : [
          -0.26655912399291992,
          4.7349093534876374e-09,
          -0.96381860971450806,
          0,
          -0.09789605438709259,
          0.99482828378677368,
          0.027074692770838737,
          0,
          0.95883399248123169,
          0.10157104581594467,
          -0.26518058776855469,
          0,
          1.1125115156173706,
          0.34292250871658325,
          -0.39482942223548889,
          1
        ]
      },
      {
        "date" : 718546949.77313602,
        "title" : "Untitled",
        "transform" : [
          -0.26655912399291992,
          4.7349093534876374e-09,
          -0.96381860971450806,
          0,
          -0.09789605438709259,
          0.99482828378677368,
          0.027074692770838737,
          0,
          0.95883399248123169,
          0.10157104581594467,
          -0.26518058776855469,
          0,
          1.1655850410461426,
          0.12759788334369659,
          -0.28540268540382385,
          1
        ]
      },
      {
        "date" : 718546946.38018703,
        "title" : "Untitled",
        "transform" : [
          -0.26655915379524231,
          -1.1474643457631828e-10,
          -0.96381855010986328,
          0,
          -0.09789605438709259,
          0.99482828378677368,
          0.027074690908193588,
          0,
          0.95883393287658691,
          0.10157103836536407,
          -0.26518058776855469,
          0,
          0.07942112535238266,
          0.063786998391151428,
          -0.032814741134643555,
          1
        ]
      },
      {
        "date" : 718546932.61506498,
        "title" : "Untitled",
        "transform" : [
          1,
          0,
          0,
          0,
          0,
          1,
          0,
          0,
          0,
          0,
          1,
          0,
          0.086914092302322388,
          0.039063576608896255,
          -0.093583621084690094,
          1
        ]
      },
      {
        "date" : 718546308.94102097,
        "title" : "Untitled",
        "transform" : [
          1,
          0,
          0,
          0,
          0,
          1,
          0,
          0,
          0,
          0,
          1,
          0,
          0,
          0,
          0,
          1
        ]
      },
      {
        "date" : 718546306.26051104,
        "title" : "Untitled",
        "transform" : [
          1,
          0,
          0,
          0,
          0,
          1,
          0,
          0,
          0,
          0,
          1,
          0,
          0,
          0,
          0,
          1
        ]
      }
    ],
    "AF09ED6F-1707-48FD-8720-65B998362C09" : [
      {
        "date" : 718276904.35766494,
        "title" : "Untitled",
        "transform" : [
          0.93631601333618164,
          1.5358450067282092e-09,
          -0.35115867853164673,
          0,
          -0.12123008817434311,
          0.93851864337921143,
          -0.32324326038360596,
          0,
          0.32956892251968384,
          0.34522879123687744,
          0.87874996662139893,
          0,
          3.1687355041503906,
          4.6322317123413086,
          3.9439687728881836,
          1
        ]
      },
      {
        "date" : 718276887.16727698,
        "title" : "Untitled",
        "transform" : [
          0.94946986436843872,
          8.7053857455998696e-09,
          -0.31385838985443115,
          0,
          -0.084731802344322205,
          0.96286922693252563,
          -0.25632670521736145,
          0,
          0.30220457911491394,
          0.26996827125549316,
          0.9142153263092041,
          0,
          4.4545755386352539,
          5.9791717529296875,
          7.3724775314331055,
          1
        ]
      },
      {
        "date" : 718276861.20436299,
        "title" : "Untitled",
        "transform" : [
          0.94886285066604614,
          0,
          -0.31568855047225952,
          0,
          -0.15784412622451782,
          0.86602568626403809,
          -0.47443094849586487,
          0,
          0.27339440584182739,
          0.49999949336051941,
          0.82173967361450195,
          0,
          0.71018999814987183,
          2.2544136047363281,
          1.5924190282821655,
          1
        ]
      },
      {
        "date" : 718276858.88780296,
        "title" : "Untitled",
        "transform" : [
          0.94886285066604614,
          0,
          -0.31568855047225952,
          0,
          -0.15784412622451782,
          0.86602568626403809,
          -0.47443094849586487,
          0,
          0.27339440584182739,
          0.49999949336051941,
          0.82173967361450195,
          0,
          1.0433105230331421,
          2.6830692291259766,
          2.3608710765838623,
          1
        ]
      },
      {
        "date" : 718276854.75503099,
        "title" : "Untitled",
        "transform" : [
          0.99508094787597656,
          0,
          -0.099065147340297699,
          0,
          -0.049532525241374969,
          0.86602568626403809,
          -0.49753996729850769,
          0,
          0.085792958736419678,
          0.49999949336051941,
          0.86176568269729614,
          0,
          0.54877835512161255,
          3.9732723236083984,
          4.7373204231262207,
          1
        ]
      },
      {
        "date" : 718276851.26322103,
        "title" : "Untitled",
        "transform" : [
          1,
          0,
          0,
          0,
          0,
          0.86602568626403809,
          -0.49999949336051941,
          0,
          0,
          0.49999949336051941,
          0.86602568626403809,
          0,
          0,
          4.6708717346191406,
          5.9728474617004395,
          1
        ]
      }
    ],
    "C6B072E6-AA08-484F-8EF3-7E34D4B9FA7A" : [
      {
        "date" : 718277251.26767194,
        "title" : "Untitled",
        "transform" : [
          -0.99129843711853027,
          -1.2465271538530942e-05,
          0.13163347542285919,
          0,
          -0.084342502057552338,
          -0.7676999568939209,
          -0.6352347731590271,
          0,
          0.10106293112039566,
          -0.64080953598022461,
          0.76101875305175781,
          0,
          0.063958242535591125,
          -1.1134874820709229,
          1.2766059637069702,
          1
        ]
      },
      {
        "date" : 718277246.02488899,
        "title" : "Untitled",
        "transform" : [
          -0.99696916341781616,
          -5.1038249182511208e-09,
          0.077797859907150269,
          0,
          -0.051961179822683334,
          -0.7442510724067688,
          -0.66587567329406738,
          0,
          0.057901110500097275,
          -0.66790002584457397,
          0.74199545383453369,
          0,
          0.063958242535591125,
          -1.1134874820709229,
          1.2766059637069702,
          1
        ]
      },
      {
        "date" : 718277238.10476196,
        "title" : "Untitled",
        "transform" : [
          -0.027718186378479004,
          5.2264437222504512e-10,
          0.99961578845977783,
          0,
          -0.071268923580646515,
          -0.99745512008666992,
          -0.0019762041047215462,
          0,
          0.99707192182540894,
          -0.071296319365501404,
          0.027647674083709717,
          0,
          1.6187057495117188,
          -0.12346214801073074,
          0.08762919157743454,
          1
        ]
      },
      {
        "date" : 718277236.62128401,
        "title" : "Untitled",
        "transform" : [
          -0.027718186378479004,
          5.2264437222504512e-10,
          0.99961578845977783,
          0,
          -0.071268923580646515,
          -0.99745512008666992,
          -0.0019762041047215462,
          0,
          0.99707192182540894,
          -0.071296319365501404,
          0.027647674083709717,
          0,
          0.96945869922637939,
          -0.07507256418466568,
          0.071910597383975983,
          1
        ]
      },
      {
        "date" : 718277232.26448298,
        "title" : "Untitled",
        "transform" : [
          -0.027718225494027138,
          -5.0334708623367419e-11,
          0.99961584806442261,
          0,
          -0.071268923580646515,
          -0.99745523929595947,
          -0.0019762073643505573,
          0,
          0.99707192182540894,
          -0.071296311914920807,
          0.027647685259580612,
          0,
          -0.25489485263824463,
          -0.95878070592880249,
          -1.091264009475708,
          1
        ]
      },
      {
        "date" : 718277202.16554105,
        "title" : "Untitled",
        "transform" : [
          0.97693663835525513,
          -0.0018728693248704076,
          -0.21352113783359528,
          0,
          0.13139350712299347,
          -0.78295749425888062,
          0.60804057121276855,
          0,
          -0.16831673681735992,
          -0.62207239866256714,
          -0.76465374231338501,
          0,
          -0.25489485263824463,
          -0.95878070592880249,
          -1.091264009475708,
          1
        ]
      },
      {
        "date" : 718277180.60641599,
        "title" : "Untitled",
        "transform" : [
          0.97693663835525513,
          -0.0018728693248704076,
          -0.21352113783359528,
          0,
          0.13139350712299347,
          -0.78295749425888062,
          0.60804057121276855,
          0,
          -0.16831673681735992,
          -0.62207239866256714,
          -0.76465374231338501,
          0,
          -0.19387051463127136,
          -0.6892770528793335,
          -0.77116197347640991,
          1
        ]
      },
      {
        "date" : 718277172.308604,
        "title" : "Untitled",
        "transform" : [
          0.98402625322341919,
          -6.1595962108640379e-08,
          -0.17802336812019348,
          0,
          0.1116727888584137,
          -0.77878332138061523,
          0.61727285385131836,
          0,
          -0.13864167034626007,
          -0.62729305028915405,
          -0.76634311676025391,
          0,
          -0.19387051463127136,
          -0.6892770528793335,
          -0.77116197347640991,
          1
        ]
      },
      {
        "date" : 718277169.03647804,
        "title" : "Untitled",
        "transform" : [
          0.98402625322341919,
          -6.1595962108640379e-08,
          -0.17802336812019348,
          0,
          0.1116727888584137,
          -0.77878332138061523,
          0.61727285385131836,
          0,
          -0.13864167034626007,
          -0.62729305028915405,
          -0.76634311676025391,
          0,
          -0.18791504204273224,
          -0.67861562967300415,
          -0.78096640110015869,
          1
        ]
      },
      {
        "date" : 718277166.85785198,
        "title" : "Untitled",
        "transform" : [
          0.98402631282806396,
          -6.1101097514892899e-08,
          -0.17802339792251587,
          0,
          0.1116727814078331,
          -0.77878338098526001,
          0.61727285385131836,
          0,
          -0.13864167034626007,
          -0.62729305028915405,
          -0.76634323596954346,
          0,
          0.037270184606313705,
          0.53810137510299683,
          0.88515567779541016,
          1
        ]
      }
    ]
  },
  "selectedSceneRelativePath" : "Planets.usda"
}